15.2573518753
14.6682281494
14.3561906815
13.9556217194
13.6683511734
13.2399034500
12.8428840637
12.6361255646
12.4158105850
12.0907049179
11.7842683792
11.5103902817
11.2885246277
11.0278158188
10.8558206558
10.6948614120
10.4621734619
10.1829214096
9.9880781174
9.9175949097
9.5956020355
9.4244003296
9.2284383774
9.1067695618
9.0336132050
8.6135911942
8.6078901291
8.4633998871
8.2020816803
8.0095329285
8.0649127960
7.8721179962
7.8490705490
7.6537814140
7.4898686409
7.3345217705
7.1994748116
7.0971345901
6.8848600388
6.9000287056
6.8823361397
6.6798357964
6.5684609413
6.5823383331
6.4817056656
6.2115063667
6.0868916512
6.1511597633
6.0446615219
5.9478931427
5.9489378929
5.9138574600
5.7409162521
5.6142663956
5.5788650513
5.5923819542
5.5345602036
5.4052076340
5.4320707321
5.3291549683
5.3573288918
5.2241673470
5.0572710037
5.1617970467
5.0386023521
4.9384212494
4.8270597458
4.9047670364
4.8331847191
4.9809885025
4.8691625595
4.7720966339
4.7347445488
4.7212853432
4.6958270073
4.5206451416
4.5937967300
4.5402297974
4.6820979118
4.3983879089
4.4913673401
4.4057931900
4.3699259758
4.4464216232
4.4114580154
4.3308391571
4.2298040390
4.2269954681
4.2382893562
4.2760567665
4.1223545074
4.2516350746
4.2213773727
4.3459205627
4.1531000137
4.0659122467
4.1061944962
4.1915421486
4.1176013947
4.1716957092
4.0722846985
3.9691672325
4.1686921120
4.1744775772
4.0102138519
3.9980211258
4.0265026093
4.0319190025
4.0041213036
3.9811816216
4.0176854134
4.0661435127
4.0772533417
4.0022449493
4.0307946205
4.0063428879
4.1219072342
4.0214672089
4.0408883095
3.9256391525
4.0451192856
4.0904836655
4.0522007942
4.1216168404
3.9456968307
3.9424960613
3.8693313599
3.9182391167
3.9720399380
3.9751515388
4.0382037163
3.9563183784
4.0056810379
3.9875285625
4.0528569221
3.9529969692
3.9516789913
4.1468920708
3.9085047245
3.8961727619
4.1161909103
3.9289200306
4.0258936882
3.9556734562
4.0123534203
3.9604136944
4.0189423561
3.9213743210
4.0058274269
4.0331807137
4.0804314613
3.9767155647
3.9857132435
3.9781913757
4.0548267365
3.8810477257
4.0121073723
3.9130194187
3.9484844208
4.0467910767
4.0041813850
3.9781630039
3.9185628891
3.9280562401
3.9146296978
3.9223413467
3.9898605347
4.0132842064
3.8259871006
3.9147582054
3.9736895561
3.8760921955
3.9485785961
4.0496177673
3.8800296783
3.9383406639
4.0166521072
4.0087575912
3.8735969067
3.8325109482
3.8356957436
3.9487640858
3.9714972973
3.9409737587
4.0671958923
3.8270487785
4.0710988045
4.0115275383
4.0232396126
3.9808506966
3.9172203541
3.9689445496
3.9013879299
4.0294480324
3.7238903046
4.0125021935
3.9655406475
3.9965820312
4.0025353432
3.8539137840
3.9677555561
4.0482511520
3.8878245354
3.9388184547
3.9061956406
3.9708280563
3.8831067085
3.9355094433
3.9756243229
3.9555356503
3.8763356209
4.0309829712
3.9584751129
3.9384911060
3.9950866699
4.0227737427
3.8304307461
3.8957757950
3.8334145546
3.9237456322
3.8916809559
3.9215977192
3.9043543339
3.9676194191
4.0094389915
3.8941848278
3.9241054058
3.8566210270
3.8388218880
3.9027407169
3.8825769424
3.9490976334
3.8147797585
3.9481191635
3.9041590691
3.8861637115
3.9220535755
3.9268660545
3.9115984440
3.9138867855
3.9150481224
3.8218781948
3.7659647465
3.9031171799
3.8488070965
3.8870682716
3.7731084824
3.8457851410
3.8420147896
3.9695312977
3.8273811340
3.8821454048
3.8365905285
3.8198957443
3.8488206863
3.8350660801
3.9392151833
3.8251652718
3.8809432983
3.9000344276
3.9290995598
3.8401868343
3.8594207764
3.8319394588
3.8839316368
3.9577178955
3.9198246002
3.8010444641
3.8431191444
3.9591116905
3.8546175957
3.8940098286
3.8213570118
3.8114750385
3.7994778156
3.8807368279
3.8561422825
4.0013713837
3.7593924999
3.9541754723
3.9117569923
3.8065707684
3.8259429932
3.8117222786
3.7697277069
3.7279226780
3.7806448936
3.9293704033
3.7989718914
3.9945077896
3.9271559715
3.8506605625
3.8436453342
3.8168375492
3.7365319729
3.7261905670
3.8057057858
3.7336969376
3.7955024242
3.6985292435
3.8230628967
3.7836198807
3.7695121765
3.7526924610
3.8906273842
3.8281636238
3.7427043915
3.8064258099
3.7150897980
3.8356647491
3.7960164547
3.7934558392
3.7813899517
3.8366067410
3.7976784706
3.7955715656
3.8441703320
3.7783195972
3.8271906376
3.7262327671
3.7713210583
3.8958156109
3.7588381767
3.7888288498
3.8227381706
3.7812402248
3.8397405148
3.7146058083
3.8229262829
3.7328577042
3.6730659008
3.8582131863
3.7725737095
3.6833381653
3.7990100384
3.8767819405
3.8211851120
3.8133020401
3.7808585167
3.7053339481
3.8888347149
3.6738362312
3.9120786190
3.8060336113
3.7936952114
3.7354922295
3.8453085423
3.7537546158
3.7787473202
3.7915282249
3.8784000874
3.8340632915
3.7959995270
3.7507648468
3.7055363655
3.7964541912
3.7591922283
3.7799239159
3.7754812241
3.7541632652
3.8108296394
3.7047653198
3.8878536224
3.7858664989
3.9492034912
3.6996042728
3.7857375145
3.7377481461
3.8056774139
3.7633085251
3.7754292488
3.7372179031
3.9492664337
3.6590077877
3.7484936714
3.7716722488
3.7070024014
3.7806730270
3.7887663841
3.7907366753
3.6801452637
3.9397366047
3.8066594601
3.7453563213
3.8064925671
3.8143393993
3.6766796112
3.7264344692
3.7341780663
3.7656991482
3.7109515667
3.7849709988
3.8489718437
3.7053129673
3.8005628586
3.7876000404
3.7593092918
3.6703391075
3.7346584797
3.8182961941
3.8605210781
3.6932539940
3.7065172195
3.8030316830
3.7475860119
3.8778297901
3.6923098564
3.6120843887
3.8065335751
3.8077149391
3.7434413433
3.7282924652
3.8346641064
3.7604913712
3.7723414898
3.6291081905
3.5907874107
3.7532761097
3.6488175392
3.6973609924
3.7888808250
3.7135329247
3.7401211262
3.8218922615
3.8267300129
3.8170406818
3.6955139637
3.6865067482
3.7557804585
3.6112866402
3.7873835564
3.5964999199
3.7438812256
3.7898855209
3.6828539371
3.7607367039
3.7734093666
3.7024476528
3.7313394547
3.7465257645
3.5291688442
3.7074337006
3.5778577328
3.6105799675
3.7960324287
3.6945042610
3.6923327446
3.6498711109
3.6479411125
3.7493426800
3.7233526707
3.5976374149
3.7044003010
3.6748235226
3.7275083065
3.6761362553
3.7828450203
3.6929016113
3.7416656017
3.6294035912
3.7418823242
3.6571667194
3.7306656837
3.8791055679
3.6268522739
3.7632894516
3.7140004635
3.7359554768
3.7648735046
3.6856307983
3.7490301132
3.7003016472
3.7687852383
3.5882973671
3.5760648251
3.6764898300
3.7293491364
3.5672972202
3.6640949249
3.7705984116
3.8369784355
3.7673945427
3.7319593430
3.5950717926
3.7030401230
3.6338086128
3.7032504082
3.7214672565
3.6829707623
3.5501914024
3.6376101971
3.6226229668
3.6156420708
3.6991183758
3.5875718594
3.7595031261
3.5509703159
3.6987679005
3.6585628986
3.7683632374
3.5469715595
3.7029535770
3.7584242821
3.7663967609
3.5943803787
3.7323091030
3.6163215637
3.8124499321
3.7587840557
3.6943855286
3.6130721569
3.5602500439
3.5934207439
3.7134938240
3.6520934105
3.6903243065
3.7114372253
3.6917836666
3.6255843639
3.6834702492
3.7368071079
3.6270093918
3.6783292294
3.6671531200
3.6742210388
3.5282590389
3.7286653519
3.5227921009
3.7009780407
3.6988539696
3.6002132893
3.6770026684
3.6437168121
3.6216073036
3.6184272766
3.6020171642
3.6597745419
3.7200820446
3.7073559761
3.6909153461
3.6519410610
3.7502863407
3.5814819336
3.5844793320
3.7128987312
3.7507390976
3.6959335804
3.6671812534
3.6959505081
3.5475535393
3.5721187592
3.6896383762
3.6761789322
3.5253660679
3.5767395496
3.6823859215
3.7245452404
3.6094808578
3.6726167202
3.5034961700
3.6840457916
3.6998803616
3.5950117111
3.6305062771
3.6229617596
3.7729649544
3.6395020485
3.8060383797
3.6704053879
3.6572842598
3.4768850803
3.7439913750
3.6431937218
3.6675691605
3.6628081799
3.7405047417
3.4130768776
3.5941858292
3.7853660583
3.6641585827
3.6979522705
3.5468890667
3.5671803951
3.6373133659
3.5744898319
3.6038320065
3.6254856586
3.6835067272
3.6004722118
3.6526815891
3.6446883678
3.4965221882
3.6715819836
3.5212471485
3.6524062157
3.7119319439
3.5881175995
3.6116421223
3.6218750477
3.5828113556
3.6820340157
3.6560628414
3.5723843575
3.5101616383
3.7163846493
3.6788964272
3.7138304710
3.6682195663
3.6244590282
3.6826391220
3.5384321213
3.6977226734
3.5709924698
3.5046186447
3.7159030437
3.6584613323
3.5516264439
3.6310608387
3.5258941650
3.6213343143
3.7284233570
3.6215209961
3.5921225548
3.6389870644
3.6334364414
3.6129179001
3.7062149048
3.6134169102
3.6032500267
3.6232690811
3.5686047077
3.5614867210
3.5370841026
3.6199188232
3.5900487900
3.7139699459
3.5879082680
3.5630083084
3.6102488041
3.6541321278
3.5159077644
3.7093214989
3.7216491699
3.5385260582
3.5619003773
3.4996581078
3.5824074745
3.5629007816
3.5365536213
3.5321145058
3.5825347900
3.5800247192
3.5309484005
3.6168823242
3.6037070751
3.6050219536
3.6433796883
3.7476758957
3.6322679520
3.6039125919
3.7206718922
3.5971605778
3.5706453323
3.4954972267
3.6337497234
3.4938971996
3.4829032421
3.6305902004
3.5788023472
3.5155820847
3.5702641010
3.6691355705
3.6776211262
3.4350211620
3.5079061985
3.5730972290
3.5795586109
3.5864398479
3.5399649143
3.5651609898
3.6042387486
3.7297554016
3.4582030773
3.5236570835
3.5759909153
3.6249701977
3.6826348305
3.4719066620
3.5009925365
3.6059453487
3.4870476723
3.5248014927
3.6555140018
3.4859106541
3.5003139973
3.6073491573
3.5852239132
3.5445706844
3.4689159393
3.5227155685
3.4651510715
3.5625984669
3.6732120514
3.5390741825
3.5474622250
3.5464887619
3.5041239262
3.5235328674
3.7243390083
3.5446264744
3.5158348083
3.5706949234
3.5197424889
3.5826334953
3.6546957493
3.5267102718
3.5816030502
3.6538238525
3.6117801666
3.5402708054
3.6750795841
3.4888625145
3.5630524158
3.7111046314
3.4927003384
3.5891227722
3.4193811417
3.4975714684
3.5051422119
3.6714811325
3.4445526600
3.5378496647
3.5849359035
3.5521743298
3.4872984886
3.5450308323
3.5297079086
3.5450754166
3.4820761681
3.4824628830
3.5484914780
3.4637393951
3.4746820927
3.4275586605
3.5468075275
3.5479140282
3.5522871017
3.6248946190
3.3950586319
3.4889328480
3.3939507008
3.5110108852
3.4814867973
3.5566449165
3.5069453716
3.3697144985
3.5088250637
3.3646526337
3.4646563530
3.6294739246
3.4048125744
3.6337182522
3.4765803814
3.4401335716
3.6092545986
3.4343507290
3.5291438103
3.3970456123
3.6025547981
3.5346753597
3.5290937424
3.6071949005
3.6162507534
3.4524590969
3.5121016502
3.4997076988
3.5017952919
3.4969985485
3.4122397900
3.4449636936
3.5738711357
3.5312561989
3.4523539543
3.5042588711
3.6276586056
3.6062664986
3.5196268559
3.5397288799
3.4422104359
3.5510377884
3.5172257423
3.5339062214
3.5420024395
3.4197430611
3.5057375431
3.4139785767
3.6095645428
3.4952855110
3.5654971600
3.4362084866
3.5233008862
3.5548434258
3.5674092770
3.5615594387
3.4351391792
3.4853000641
3.4884815216
3.5073323250
3.6046292782
3.5822124481
3.4647080898
3.5646421909
3.5545475483
3.5187578201
3.3970375061
3.4864230156
3.5195453167
3.5025520325
3.5193741322
3.4442632198
3.6029496193
3.3758237362
3.6283640862
3.4915359020
3.5159695148
3.3690268993
3.4332246780
3.5143833160
3.5472741127
3.3804066181
3.5540139675
3.3737378120
3.4707608223
3.4552373886
3.6485774517
3.5220401287
3.4238598347
3.4983375072
3.5535976887
3.4733312130
3.4783363342
3.5118792057
3.4462406635
3.3813710213
3.5090944767
3.5211527348
3.3834531307
3.5054848194
3.4977147579
3.5195350647
3.5593059063
3.4929909706
3.4618003368
3.4200675488
3.6061131954
3.4211659431
3.4009332657
3.5123522282
3.5210113525
3.4269137383
3.4085850716
3.4395077229
3.5222668648
3.6473147869
3.4723508358
3.5554296970
3.5381405354
3.5529105663
3.6396672726
3.5469293594
3.4666795731
3.4073030949
3.4981086254
3.4016113281
3.4492678642
3.3892741203
3.4935514927
3.4899086952
3.5161774158
3.5895159245
3.4714338779
3.4126110077
3.5296938419
3.5240418911
3.4550487995
3.4986839294
3.5076608658
3.4667894840
3.5479557514
3.5526273251
3.3697409630
3.5080225468
3.4404613972
3.5257413387
3.4102277756
3.5628385544
3.5319290161
3.5390968323
3.2793843746
3.4962499142
3.4665045738
3.5612957478
3.3469293118
3.5065848827
3.3413405418
3.6476428509
3.4593241215
3.5214605331
3.4612545967
3.4436461926
3.4291398525
3.5825104713
3.4458167553
3.3495121002
3.5227663517
3.5469772816
3.4388585091
3.3689477444
3.4358961582
3.4442098141
3.4484479427
3.5072393417
3.3703405857
3.4613788128
3.5146586895
3.5608203411
3.5064859390
3.4353499413
3.4217612743
3.4436941147
3.3679859638
3.5822112560
3.3392269611
3.5329546928
3.3650562763
3.4697289467
3.4944293499
3.5251648426
3.3690316677
3.4007406235
3.5052711964
3.5375657082
3.3853535652
3.3226821423
3.3878543377
3.2573437691
3.5147469044
3.4479987621
3.4632425308
3.3971850872
3.3958518505
3.3269546032
3.4739975929
3.4800770283
3.5109117031
3.3952488899
3.4738090038
3.3900597095
3.4169390202
3.4792344570
3.3997616768
3.3744554520
3.3240358829
3.4523067474
3.4015593529
3.5092227459
3.4669952393
3.4512856007
3.4047179222
3.4618701935
3.4035356045
3.3945429325
3.4830381870
3.4038293362
3.3914055824
3.4431164265
3.4247748852
3.4124360085
3.4795644283
3.5401797295
3.3790261745
3.3882846832
3.3256781101
3.5100123882
3.4519789219
3.3912820816
3.4210054874
3.4954764843
3.3108942509
3.5720355511
3.3319962025
3.4461147785
3.4248855114
3.4140882492
3.4894347191
3.4411964417
3.3864324093
3.4320137501
3.3612854481
3.4803555012
3.3280804157
3.5041918755
3.3433909416
3.3950359821
3.4077436924
3.4016315937
3.4882795811
3.3321733475
3.4278745651
3.4287459850
3.2757160664
3.4749019146
3.3726308346
3.3027782440
3.4775850773
3.3514475822
3.3322436810
3.4821374416
3.4236750603
3.4587047100
3.4850909710
3.5025804043
3.2874631882
3.2595903873
3.4482781887
3.3652660847
3.5130836964
3.4410200119
3.3838160038
3.4583418369
3.3470804691
3.3470304012
3.3402881622
3.4704020023
3.4641940594
3.4099764824
3.3572492599
3.2935633659
3.3890538216
3.3496890068
3.4183180332
3.4771065712
3.5865132809
3.4699432850
3.3105645180
3.3631086349
3.3405559063
3.4506225586
3.3063120842
3.3575894833
3.3739628792
3.5247578621
3.3042609692
3.4897043705
3.3671905994
3.3299844265
3.3416109085
3.4160604477
3.2779977322
3.3699409962
3.3374710083
3.4134531021
3.4748516083
3.2479362488
3.3163571358
3.3845913410
3.4425725937
3.4494709969
3.2475602627
3.5293579102
3.3688721657
3.3856649399
3.4354233742
3.2546324730
3.3705303669
3.4298746586
3.3385269642
3.4307765961
3.4683086872
3.4799940586
3.4976933002
3.5364785194
3.4413120747
3.4226043224
3.3752250671
3.4416055679
3.2693147659
3.3819141388
3.2856848240
3.3677043915
3.1840696335
3.4153695107
3.3705613613
3.2867758274
3.3405921459
3.3725569248
3.4520695210
3.3202040195
3.3744225502
3.3723757267
3.4194092751
3.4081578255
3.3217895031
3.3101320267
3.3183035851
3.3423836231
3.3118050098
3.3141403198
3.3671636581
3.3700137138
3.3643631935
3.3517374992
3.3206555843
3.2988145351
3.3058450222
3.4750504494
3.3548698425
3.4110631943
3.3734426498
3.4169161320
3.4028878212
3.2621366978
3.4604680538
3.4555675983
3.3843417168
3.3222160339
3.3864061832
3.4330930710
3.3104252815
3.3291399479
3.3729472160
3.4012222290
3.3615636826
3.3282589912
3.2589628696
3.3568391800
3.4154078960
3.3676648140
3.3426897526
3.4557218552
3.3360397816
3.3420996666
3.3225734234
3.2678139210
3.3229398727
3.2926266193
3.3338153362
3.2535095215
3.2831749916
3.4238929749
3.3835973740
3.2639229298
3.4131116867
3.4103128910
3.3653700352
3.3228120804
3.3532514572
3.2293977737
3.2659635544
3.3022358418
3.4467523098
3.3819797039
3.3809437752
3.2968280315
3.5384328365
3.3117797375
3.2687351704
3.2965850830
3.4569995403
3.3489694595
3.3092210293
3.3564178944
3.4722311497
3.3521602154
3.3714687824
3.4055078030
3.2496726513
3.3214700222
3.3579604626
3.2537724972
3.4484233856
3.4450187683
3.4720113277
3.2335739136
3.2846477032
3.3977098465
3.3634972572
3.2006981373
3.3704147339
3.3020305634
3.3011062145
3.3939461708
3.3369288445
3.3296332359
3.2027726173
3.2517096996
3.3649117947
3.3964605331
3.3999886513
3.4322409630
3.3823020458
3.2744805813
3.3367180824
3.2564184666
3.3796446323
3.3252887726
3.3551495075
3.3151440620
3.4397866726
3.3313581944
3.3536429405
3.5345761776
3.2846550941
3.2899086475
3.4110059738
3.2479491234
3.3361499310
3.2092728615
3.2667062283
3.3102004528
3.3394422531
3.4135167599
3.3202054501
3.3597397804
3.3461313248
3.3947277069
3.3611226082
3.4086253643
3.2974534035
3.3442938328
3.4012961388
3.3904604912
3.3559124470
3.3232641220
3.3032460213
3.3133683205
3.2520639896
3.3198616505
3.3598875999
3.2271420956
3.2447690964
3.3432042599
3.2266938686
3.3898649216
3.3714933395
3.3872492313
3.2938952446
3.3437180519
3.2856554985
3.3914828300
3.2603311539
3.2324111462
3.3088135719
3.4598405361
3.3922579288
3.3207488060
3.2765190601
3.3493258953
3.3986265659
3.2038538456
3.2975890636
3.3790183067
3.3318729401
3.4568047523
3.4504570961
3.3796944618
3.3034436703
3.3029553890
3.3286952972
3.3231875896
3.3963258266
3.4392046928
3.2722504139
3.4398882389
3.4048910141
3.3655734062
3.3671653271
3.2915172577
3.2680559158
3.4068160057
3.1848351955
3.2932827473
3.3245632648
3.1849679947
3.2651128769
3.3354241848
3.2953472137
3.2016210556
3.3841960430
3.2800722122
3.2881524563
3.3849596977
3.3058784008
3.2931938171
3.3491382599
3.2770597935
3.3204739094
3.3608231544
3.3181679249
3.2284400463
3.3469078541
3.3975844383
3.2529990673
3.3730292320
3.2718584538
3.3047008514
3.2577323914
3.2948055267
3.1612882614
3.3086678982
3.3234782219
3.3540327549
3.3342852592
3.2432174683
3.3452858925
3.3097891808
3.2676219940
3.2535378933
3.3132586479
3.2326543331
3.2618386745
3.3181831837
3.3546113968
3.2666192055
3.2216961384
3.2671654224
3.3106269836
3.3126137257
3.2713799477
3.2055163383
3.2520339489
3.1809072495
3.2101171017
3.2474498749
3.1486988068
3.2300491333
3.1423842907
3.2642147541
3.3904187679
3.2422866821
3.2984187603
3.3168020248
3.3971395493
3.2687983513
3.1718366146
3.2575931549
3.2598183155
3.2691333294
3.2848906517
3.2220873833
3.2511329651
3.2653317451
3.3318226337
3.1805028915
3.2818944454
3.1544592381
3.2591784000
3.2405817509
3.2540996075
3.3258807659
3.4295046329
3.2373645306
3.2876679897
3.2960405350
3.3029477596
3.3201949596
3.1528553963
3.2983765602
3.3357832432
3.2740333080
3.2759463787
3.1534297466
3.2711932659
3.2879135609
3.3000011444
3.3811366558
3.3218109608
3.3314132690
3.3166368008
3.2873919010
3.2540240288
3.2965250015
3.2802102566
3.2222108841
3.3356933594
3.3217241764
3.2803733349
3.4193143845
3.3112640381
3.4259660244
3.1555573940
3.2231061459
3.2542119026
3.2693147659
3.2279956341
3.3816907406
3.2319812775
3.2485907078
3.1810004711
3.3202934265
3.2482118607
3.2700643539
3.2493889332
3.3484928608
3.2155191898
3.1402273178
3.2864100933
3.3026344776
3.2090444565
3.1860775948
3.3712692261
3.2403347492
3.2536125183
3.2331736088
3.2602910995
3.3155164719
3.4150805473
3.2322225571
3.3128547668
3.1679792404
3.3739597797
3.2539312840
3.2354309559
3.2314803600
3.1981508732
3.3160727024
3.2260000706
3.2578508854
3.3802945614
3.2537519932
3.3143339157
3.2154803276
3.2727484703
3.2504930496
3.1767206192
3.2435262203
3.2326934338
3.2146959305
3.2236740589
3.3398671150
3.2776496410
3.2668776512
3.2116572857
3.3060188293
3.2222204208
3.3547351360
3.2574796677
3.3327252865
3.2700829506
3.1413414478
3.2692575455
3.2449140549
3.2248475552
3.3421311378
3.0640583038
3.2117686272
3.2747066021
3.2768707275
3.3114573956
3.3432676792
3.2704434395
3.2077383995
3.4040398598
3.2224833965
3.3493762016
3.2317504883
3.2123246193
3.1604497433
3.2054772377
3.3541135788
3.2449555397
3.2600972652
3.2190468311
3.3258419037
3.1936552525
3.3817453384
3.2900390625
3.2671341896
3.2375328541
3.1483860016
3.2165238857
3.3774602413
3.1904063225
3.2206504345
3.2725672722
3.2547752857
3.2510659695
3.1510052681
3.2392659187
3.2992160320
3.2671492100
3.1976702213
3.2880601883
3.2325172424
3.2334551811
3.3297562599
3.1711585522
3.1735763550
3.1614367962
3.3329546452
3.1700334549
3.2234432697
3.1832616329
3.1468605995
3.2372479439
3.1657502651
3.2131564617
3.2509629726
3.1268148422
3.1900911331
3.1624803543
3.2168734074
3.3097717762
3.2210688591
3.2064375877
3.1970679760
3.3483874798
3.3190038204
3.2896757126
3.1357328892
3.2804446220
3.1762776375
3.2557640076
3.2543420792
3.1349687576
3.2171797752
3.2445540428
3.0955674648
3.2317364216
3.2582292557
3.3966245651
3.1940896511
3.3029441833
3.2599461079
3.1478857994
3.2454266548
3.2888610363
3.1949388981
3.1583642960
3.2483654022
3.2421753407
3.1958162785
3.2510275841
3.2776875496
3.1812770367
3.3352363110
3.2284488678
3.2138266563
3.1184692383
3.2118494511
3.2580699921
3.2610268593
3.1283802986
3.1983382702
3.3207602501
3.1513509750
3.0787963867
3.1989903450
3.1962163448
3.1961710453
3.1578242779
3.2285377979
3.3516664505
3.2471215725
3.2141652107
3.1366837025
3.3757891655
3.1925523281
3.1475949287
3.1876347065
3.1296856403
3.2310485840
3.0421605110
3.2354390621
3.1906144619
3.1750988960
3.2276248932
3.1489615440
3.2441174984
3.2356090546
3.1050577164
3.2112028599
3.1203606129
3.2547678947
3.2080581188
3.2839281559
3.1996216774
3.1953167915
3.2201819420
3.1037108898
3.2022407055
3.2101488113
3.2105700970
3.2083613873
3.2281525135
3.3271219730
3.2097284794
3.1469786167
3.1195101738
3.2359485626
3.1291365623
3.1978502274
3.1005117893
3.2822902203
3.2445471287
3.3183741570
3.1292726994
3.1604719162
3.1862435341
3.1040961742
3.2218034267
3.1573138237
3.0819129944
3.2894132137
3.0066735744
3.2209215164
3.3217334747
3.1558010578
3.1522409916
3.1992187500
3.2197518349
3.2729144096
3.2105655670
3.2203555107
3.2557151318
3.2120404243
3.1439797878
3.2456967831
3.1181445122
3.2218844891
3.2562406063
3.1172392368
3.2109131813
3.1047747135
3.0892028809
3.1582663059
3.1334092617
3.0429875851
3.3433296680
3.1947937012
3.1851477623
3.1671040058
3.0474829674
2.9829134941
3.2147266865
3.1780369282
3.1767601967
3.2150840759
3.1009395123
3.0904052258
3.2629673481
3.1842317581
3.2745294571
3.2626218796
3.1807553768
3.1710934639
3.1226415634
3.1929543018
3.2720208168
3.2430889606
3.1994512081
3.1076004505
3.0076186657
3.1598038673
3.2497646809
3.1720829010
3.0933480263
3.2299432755
3.1721234322
3.0497674942
3.1598343849
3.3120305538
3.2093706131
3.1604573727
3.0313444138
3.0849409103
3.1701838970
3.1769931316
3.1660499573
3.2056553364
3.0560991764
3.1254959106
3.2035760880
3.0989551544
3.1993324757
3.1907997131
3.1753222942
3.1643784046
3.0809464455
3.2395226955
3.1269659996
3.0265662670
3.1063394547
3.1874799728
3.0573241711
3.1729023457
3.1569511890
3.0131926537
3.2684850693
3.0919926167
3.1879856586
3.0779654980
3.1949257851
3.1501114368
3.1647937298
3.1588799953
3.1950027943
3.1349022388
3.2046809196
3.0389318466
3.1025006771
3.0252420902
3.0463738441
3.1215209961
3.1938214302
3.1964604855
3.0660457611
3.0859320164
3.2018928528
3.0852036476
3.1932563782
3.2043991089
3.0889985561
3.1833112240
3.1465058327
3.1402230263
3.1692306995
3.2294268608
3.1702816486
3.0885605812
3.1000452042
3.1646363735
3.1885418892
3.0877110958
3.1215569973
3.1533014774
3.1724786758
3.1947321892
3.2104465961
3.0562319756
3.1916382313
3.0521323681
3.1443343163
3.0962924957
3.2406702042
3.1293811798
3.0541338921
3.0409047604
3.1310217381
3.0809683800
3.1641144753
3.2835741043
3.1644744873
3.0991778374
3.1752352715
3.1534824371
3.2306509018
3.1381025314
3.0646786690
3.1951787472
3.2335164547
3.1820657253
3.1663975716
3.1279416084
3.1076500416
3.1169369221
3.0955801010
3.2342395782
3.0335357189
3.1288933754
3.0725343227
3.1617047787
2.9823868275
3.1211400032
3.1529400349
3.1483726501
3.1493713856
3.0740444660
3.0799641609
2.9973127842
3.2251398563
3.0593655109
3.1205444336
3.2142143250
3.0673875809
3.1506867409
3.2229380608
3.0748662949
3.1080842018
3.1263313293
3.1620371342
3.1856718063
3.1855957508
3.0561413765
3.2547500134
3.2052164078
3.0899803638
3.0781657696
3.1065239906
3.1970145702
3.1362018585
3.1415383816
3.1393659115
3.2330179214
3.1100003719
3.1751420498
3.1192789078
3.1952738762
3.0759584904
3.0032081604
3.1306016445
3.1492526531
3.0670669079
3.1105282307
3.1378812790
3.0894653797
3.0930233002
3.2420947552
3.1129946709
3.1424412727
3.2120265961
3.1482198238
3.0933537483
3.1586995125
3.2068374157
3.0963921547
3.2131464481
3.1465604305
3.1888694763
3.1025347710
3.0705425739
3.1037561893
3.0548350811
3.1467907429
3.0286214352
3.1487579346
3.2206230164
3.0779845715
3.1400938034
3.0942676067
3.1883082390
3.1119437218
3.1430799961
3.1189351082
3.1793138981
3.2253012657
3.0964026451
3.0478243828
3.1862044334
3.0909566879
3.1259262562
3.0585603714
3.1916844845
3.2437527180
3.0568335056
3.1813144684
3.1085770130
3.1060948372
3.1032524109
3.0178270340
3.1805803776
3.2386758327
3.1430540085
3.2017319202
3.0806772709
3.0294568539
3.0982737541
3.1169967651
3.1752161980
3.1395976543
3.1613810062
3.1593658924
3.2339332104
3.1716005802
3.1008899212
2.9587721825
3.1510791779
3.1632533073
3.0419313908
2.9652800560
3.1556563377
3.1599745750
3.0474171638
3.0227003098
3.1752829552
3.1607675552
3.1716678143
3.1843597889
3.0979883671
3.1880435944
3.0674059391
3.1442203522
3.1010172367
3.2634968758
3.0494995117
3.0341942310
3.0811374187
3.1218428612
3.0798485279
3.2297484875
3.0646462440
3.0958397388
3.0674629211
3.1848592758
3.0906119347
3.1347610950
2.9468696117
3.0619850159
3.1208512783
3.1434934139
3.1039085388
3.1117608547
3.1378459930
3.2417995930
3.0883431435
3.0965149403
3.0958452225
3.1093437672
3.1880984306
3.1215684414
3.0421917439
3.1544120312
3.0920829773
3.0857105255
3.0209705830
3.1150090694
3.0478584766
3.1063628197
3.1407454014
3.1810979843
3.1201817989
3.0266098976
3.0958845615
3.0454161167
3.2266283035
3.0978941917
3.1210744381
3.0932242870
3.1649401188
3.2032432556
3.0323820114
3.0146515369
2.9945380688
3.1491348743
3.0232551098
3.2091407776
2.9951360226
3.2236149311
3.1306481361
3.0891165733
3.1634700298
3.0142140388
3.0983128548
3.1338422298
3.1037793159
3.1100025177
3.0309629440
3.1962985992
3.0342822075
3.0676262379
3.2229495049
3.0883772373
3.0941171646
3.0515477657
3.1241858006
3.1735894680
3.1240835190
3.0688495636
3.1486108303
3.0754232407
3.0072183609
3.0030164719
2.9631116390
3.1322309971
2.9620690346
3.0720920563
3.0382404327
3.0652239323
3.0050475597
3.1395835876
3.0666801929
3.0641329288
3.1588487625
3.0849459171
3.0978262424
3.2690699100
2.9695742130
2.9913852215
3.1199882030
3.0215733051
3.0189464092
2.9459390640
3.0331561565
3.0430808067
3.0404500961
3.1673421860
3.1065533161
3.0988891125
3.1528785229
2.9531335831
3.0436458588
3.2452468872
3.1819932461
2.9567258358
3.1391963959
3.0665733814
3.1186742783
3.1161706448
3.0381569862
3.1279284954
2.9503188133
2.9574000835
3.1224281788
3.0479032993
3.1065752506
2.9664688110
3.0478217602
3.0417301655
3.0665922165
2.9175629616
3.0273351669
3.0489335060
3.1052038670
3.1343305111
3.1399073601
3.1532981396
3.0548191071
3.0512938499
3.0800518990
3.0308229923
3.0071790218
3.0155000687
3.0384931564
3.0003383160
3.0922133923
3.0299313068
3.0459783077
3.1646368504
3.1343820095
2.9985737801
3.0400013924
3.0778467655
3.0927598476
3.0308725834
2.9634654522
3.0504055023
3.1347386837
3.0929923058
3.0621123314
3.1116859913
3.0152440071
3.1236941814
3.0227594376
2.9640340805
3.0786528587
3.0281729698
2.9973454475
3.0913913250
3.0718092918
3.0636754036
3.1757977009
3.0438182354
2.9327254295
3.1204278469
3.0185565948
3.0865483284
3.0650205612
3.0168430805
3.0364868641
2.9142005444
3.0522627831
2.9848308563
3.0624911785
3.0935950279
3.0187840462
3.1090309620
2.9808530807
3.0610792637
3.0083303452
3.0269508362
2.9012145996
3.1881027222
3.0565161705
2.8496503830
3.0335199833
3.0592381954
3.2003355026
3.0464358330
3.0188722610
3.0526592731
3.0831134319
2.9877605438
3.0386753082
3.0542137623
3.1168773174
3.0618617535
3.1458594799
2.9749069214
3.0268383026
3.1787104607
3.0645844936
3.0417559147
2.9799890518
3.1144995689
3.0439274311
3.0496897697
3.1205849648
3.1388626099
3.0708897114
3.1088542938
3.0555274487
3.0623836517
3.0907835960
3.0963594913
3.0468723774
3.0122215748
3.0612723827
3.0752637386
3.0662517548
3.0162856579
3.0305771828
2.9730262756
2.9551737309
3.0774500370
3.0503280163
3.0113301277
3.0625889301
2.9549152851
2.9788811207
2.9757983685
2.9803483486
3.0042810440
3.0691757202
2.9885559082
3.0242855549
2.9495520592
3.0968930721
3.0114240646
2.9301083088
2.9485418797
3.0819909573
3.0015401840
2.9438385963
2.9719622135
3.0286884308
3.0904860497
2.9561305046
2.9713308811
3.0294487476
3.0081686974
2.9929590225
3.0231008530
3.0127236843
2.9478623867
3.0516786575
3.0432944298
3.0610630512
2.9021706581
3.1171772480
2.9628992081
3.0284085274
3.0061388016
2.9732360840
3.0751309395
2.9943346977
3.0561077595
3.0333549976
3.1066412926
2.9670414925
3.1161332130
2.9890918732
3.0722639561
3.0488924980
3.0735709667
3.1122255325
2.9542195797
3.1334540844
3.0364854336
3.0606606007
2.9107875824
3.0049448013
2.9079887867
3.0019004345
3.0510873795
2.9329440594
3.0358932018
3.0183923244
3.0130262375
3.1517562866
2.9958660603
2.9623868465
3.0762290955
3.0305125713
3.0858709812
3.1234126091
3.0388278961
3.0083436966
3.0136582851
2.9321973324
3.0039429665
3.0075311661
2.9926543236
2.8993020058
2.8699362278
2.9117405415
3.0765593052
3.0399630070
3.0365810394
3.0298130512
2.9699788094
2.9334428310
3.0228145123
3.1301894188
3.0257766247
3.0483467579
3.0091357231
3.0080313683
3.0487842560
3.1717350483
3.0102801323
3.0149540901
2.9960300922
3.0111603737
3.1645066738
3.0050053596
3.0515704155
2.9036834240
3.0759174824
2.9332549572
2.9876546860
3.1047959328
2.9890396595
3.1228761673
3.1631500721
2.9277620316
2.9835078716
2.9698996544
3.0018780231
3.0411951542
2.8818559647
3.0814428329
2.8753309250
2.9048123360
3.0045588017
2.9771528244
2.9859538078
2.8032016754
3.0587539673
2.9428150654
2.9905090332
3.0211832523
2.9629645348
3.0280208588
3.0791430473
3.0136206150
3.0652852058
2.9788045883
2.8362021446
3.0048639774
3.1093668938
3.0498511791
3.0620317459
2.9418399334
2.9292511940
2.9318833351
3.1201965809
2.9685547352
3.0227761269
2.9311106205
2.9557452202
3.0846824646
2.9927885532
3.1281909943
2.9735040665
3.0441546440
2.9629516602
2.9605548382
3.0391840935
2.9371571541
3.1263892651
2.9815702438
3.1531736851
2.9301328659
3.0069718361
2.9624483585
3.0166821480
3.0693075657
2.9469988346
2.9649479389
2.9254794121
2.9240508080
3.0090320110
3.0475885868
2.9285659790
3.0196549892
2.9231145382
3.0016193390
2.9793608189
3.0035274029
3.0082070827
2.9110746384
3.0509164333
2.9683327675
2.9907159805
2.8633790016
3.0103328228
3.0158817768
2.9967026711
3.0787694454
3.0065987110
3.0530018806
3.0089623928
3.0390636921
3.1000344753
2.9091651440
3.0118520260
2.9848897457
3.0018434525
2.8976244926
3.0142447948
2.9450960159
2.9879522324
2.9765789509
2.9584763050
2.9729504585
2.8422033787
2.8901505470
2.9284019470
2.9893321991
3.0789668560
2.9419147968
2.9829266071
3.0062704086
2.9376511574
2.9475314617
3.0456769466
2.9328596592
2.9462563992
3.0729258060
2.8457198143
2.8607707024
3.0962157249
3.0902180672
2.9693529606
2.9183378220
2.8629059792
2.8428640366
2.9614048004
3.0521509647
2.9904046059
2.9417607784
2.9023272991
2.8922693729
2.7901475430
2.8680775166
2.9816195965
2.8943762779
2.9447720051
3.0637543201
3.0037178993
2.9097175598
2.9024207592
2.8954727650
2.8823561668
3.0249719620
3.0478339195
2.8496162891
2.9783470631
2.8357071877
3.0795202255
2.9329037666
2.9097120762
3.0068094730
2.9708571434
2.9762356281
2.9197785854
3.0115082264
3.0032131672
2.9958794117
2.8975598812
3.0336833000
3.1233808994
2.8882040977
2.9843690395
3.0328023434
3.0083758831
3.0056881905
2.9771511555
2.8836400509
3.0722448826
3.0015091896
2.8696959019
3.0543889999
2.8428094387
2.8356258869
2.9458971024
2.8821649551
2.9313662052
3.0536184311
2.9431092739
2.8640325069
3.0714254379
2.8692336082
2.9879581928
2.9687988758
3.0588459969
2.9289655685
2.7873120308
2.9687833786
3.0132834911
2.9734220505
2.9562695026
2.8420922756
2.8390994072
3.0264647007
2.9737534523
3.1537196636
2.9145944118
2.8771460056
3.0295140743
2.9402260780
2.9212930202
2.9493892193
3.0744695663
2.9901311398
2.8589160442
2.9217905998
2.9099154472
2.9645240307
2.8976256847
2.9335596561
2.8767919540
2.9655952454
3.0005762577
2.9491910934
3.0057873726
2.7603867054
2.9494073391
3.0480813980
3.0696337223
2.8955030441
2.9744780064
2.8865699768
2.9289102554
2.9247715473
2.9110574722
2.9395132065
2.9763410091
2.8652372360
2.8942439556
3.0268771648
2.8990042210
2.9727494717
2.9616932869
2.9650375843
3.0286402702
2.8552725315
2.9610276222
2.8996953964
2.9792594910
3.1298153400
3.0639421940
2.8881375790
2.8560590744
3.0524876118
2.9689085484
3.0005593300
2.9002482891
2.9206595421
2.9501080513
2.9042398930
2.9513154030
2.8977112770
2.8361723423
2.9561934471
2.8222777843
2.8302283287
2.9131867886
3.0468792915
2.8783037663
2.9752495289
2.9307072163
2.9854202271
2.8967399597
3.0102686882
2.9510946274
2.9943950176
3.0247063637
2.9387454987
2.9629745483
2.9449658394
3.0300230980
2.9589519501
2.9181873798
2.9552669525
2.9233577251
2.9790410995
2.8938250542
2.9041423798
2.8484818935
2.9912295341
2.8651010990
2.8760788441
2.9156782627
2.9325292110
2.9128611088
2.8217403889
2.9039473534
2.9960713387
2.9967968464
2.8561034203
3.0123326778
2.8715846539
3.0027098656
2.7972438335
2.9623844624
2.8708631992
2.8710117340
2.8733012676
2.9531860352
2.8134949207
2.8005659580
2.9331669807
2.9319844246
2.9173555374
2.8572669029
2.8998379707
2.8239672184
2.9618697166
2.9715669155
2.9212217331
2.8193883896
2.9473860264
2.9407150745
2.9022874832
2.7634184361
2.9131231308
2.9206140041
2.7990605831
3.0219576359
2.8955566883
2.8609960079
2.8267741203
2.8366599083
2.8906114101
2.9635078907
2.8480651379
2.7426857948
2.9079606533
2.8724286556
3.0482566357
2.9278948307
2.9728004932
2.8381099701
2.9917287827
2.8579156399
2.9021236897
2.9881708622
2.8880739212
2.9534776211
3.0070703030
2.9753253460
2.8978157043
2.9405229092
2.8585212231
2.9118189812
3.0747199059
2.9214360714
2.8603873253
2.8395395279
2.8624246120
2.9706950188
2.8116841316
2.9494683743
2.8867301941
2.9641683102
2.9988007545
2.9627711773
2.8774621487
3.0289480686
2.8500680923
2.8989334106
2.7482857704
2.8155622482
2.8899178505
2.9957551956
2.8580970764
2.9328498840
2.9876317978
2.8692071438
2.9248731136
2.9635620117
2.9601655006
2.8635139465
2.7627031803
3.0043933392
2.9772715569
2.9556524754
2.9211895466
2.9111180305
3.0186929703
2.9129223824
2.9333562851
2.8899009228
3.0342705250
2.9572839737
2.8151509762
3.0539815426
2.9047405720
2.9579036236
2.9346787930
2.7844066620
2.8769936562
2.9527082443
2.9509639740
2.9038851261
2.9740126133
2.9693598747
2.8829083443
2.9297435284
2.8298039436
2.8384606838
2.9385194778
2.8430869579
2.9414694309
2.9276216030
2.8651003838
2.8760278225
2.8716878891
2.9476418495
2.8441686630
2.7648453712
2.9252221584
2.9594895840
2.8951759338
2.9062836170
3.0506823063
2.9435338974
2.7684347630
3.0197107792
2.8389644623
2.7894041538
2.8633148670
3.0238718987
2.8944010735
2.9680228233
2.9706702232
2.9015855789
2.8290648460
2.8396179676
2.8702948093
2.9190051556
2.7595832348
2.9740500450
2.8091087341
2.8946425915
2.8562905788
2.8680768013
2.7301650047
2.9785120487
2.9560520649
2.9247360229
2.9647476673
2.8895626068
2.9601676464
2.8293190002
2.8815755844
2.9260871410
3.0001096725
2.8882894516
2.8959436417
2.9815044403
2.8237872124
2.8441445827
2.8355648518
2.7966675758
2.9542500973
2.7953221798
2.8297469616
2.8904614449
2.9154996872
2.8549551964
2.7622561455
2.8763992786
2.8787882328
2.9994308949
2.8785681725
2.9365868568
2.7611284256
2.7858371735
2.8662207127
2.9670383930
2.8183422089
2.8705480099
3.0766613483
2.8617849350
2.8544895649
2.8735697269
2.8695435524
2.9449856281
2.8293559551
2.8764972687
2.7843477726
2.8229906559
2.8971731663
2.9609785080
2.8484270573
2.8733935356
2.8396756649
2.9352889061
2.9046876431
2.8973922729
2.8300807476
2.7889196873
2.9550654888
2.8463747501
2.9254167080
2.7339477539
2.8624365330
2.8123440742
2.7946228981
2.9433414936
2.9097881317
2.9499452114
2.8852903843
2.7937417030
2.7716412544
2.9332182407
2.8649594784
2.8883395195
2.9035649300
2.9316320419
2.7840225697
2.9857997894
2.8928594589
2.8232998848
3.0712335110
2.8852951527
2.8420484066
2.9575965405
2.9870345592
2.8003983498
2.8588011265
2.9647092819
2.7851848602
2.8071596622
2.8625006676
2.8098199368
2.9309103489
2.8850905895
2.8257911205
2.8361504078
2.8836331367
2.8899168968
2.8164803982
2.7753469944
2.8886852264
2.8638355732
2.9416742325
2.9329152107
2.8466658592
2.9215781689
2.8153073788
2.8316333294
2.8430020809
2.9571704865
2.7548809052
2.8726067543
2.8179624081
2.9217905998
2.8569157124
2.7790596485
2.9005422592
2.8400785923
2.8732321262
2.9663610458
3.0080440044
2.8932745457
2.8135516644
2.9397366047
2.9781394005
2.9145085812
2.8437314034
2.7840278149
2.8712437153
2.8934533596
2.8426043987
2.9043509960
2.8376080990
2.8776340485
2.9105272293
2.8501429558
2.9562728405
2.9392123222
2.8844225407
2.7209153175
2.9557616711
2.8325765133
2.8335433006
2.9080479145
2.9958133698
2.8831751347
2.9583454132
2.8724925518
2.8415641785
2.9005725384
2.8710291386
2.8375692368
2.9123702049
2.6938536167
2.7881371975
2.9565682411
2.9017231464
2.9788110256
2.8646235466
2.8263950348
2.8407926559
2.8269782066
3.0065696239
2.8625118732
2.8641753197
2.8821346760
3.0287988186
2.8614540100
2.9920756817
2.8246104717
2.7810277939
2.8005781174
3.0631077290
2.8111348152
2.9249088764
2.9565119743
2.8278939724
2.8659496307
2.7928647995
2.9241707325
2.8844079971
2.9154784679
2.9176204205
2.9252812862
2.8464648724
2.8606438637
2.8424658775
2.9133675098
2.8745493889
2.8492913246
2.9046452045
2.8289706707
3.0220303535
2.7381179333
2.8887391090
2.7375764847
2.7793793678
2.8994328976
2.8081796169
2.7864675522
2.9564106464
2.9154238701
2.8675348759
2.8203248978
2.6582555771
2.9291107655
2.8870551586
2.8601191044
2.8439235687
2.7706446648
2.6724231243
2.8787038326
2.8027808666
2.8843884468
2.7984526157
2.7423188686
2.8952696323
2.6857202053
2.8475947380
2.9698441029
2.8392486572
2.8433828354
2.8536539078
2.8549411297
2.9201691151
2.7998514175
2.8238964081
2.7466764450
2.7948172092
2.8136031628
2.8274619579
2.7712182999
2.7982645035
2.7519061565
2.7961204052
2.9467320442
2.7962486744
2.8410251141
2.8197879791
2.8780288696
2.7447164059
2.8182969093
2.8848264217
2.8472929001
2.7248120308
2.7457222939
2.9122428894
2.8130245209
2.8867158890
2.8925340176
2.7916038036
2.8542244434
2.8934404850
2.8063342571
2.7500998974
2.7850337029
2.8116567135
2.8057608604
2.8794641495
2.8404679298
2.8364777565
2.9298279285
2.8422112465
2.7318000793
2.8384950161
2.7770569324
2.8480370045
2.8591864109
2.6856024265
2.7854592800
2.8618838787
2.8086481094
2.8543620110
2.8683266640
2.7978146076
2.8615226746
2.7496671677
2.7547566891
2.8678226471
2.7330393791
2.7545347214
2.8524503708
2.8254220486
2.7866497040
2.7734422684
2.8134171963
2.7925672531
2.7310187817
2.7886838913
2.8092126846
2.8017206192
2.7835083008
2.8211264610
2.8752295971
2.8930096626
2.8782773018
2.8181023598
2.7561914921
2.8633239269
2.7795274258
2.8495385647
2.8565163612
2.8520772457
2.8862047195
2.8446333408
2.8947110176
2.8538081646
2.7908322811
2.8304483891
2.8023636341
2.8328938484
2.8363392353
2.8708863258
2.9563763142
2.8824563026
2.8544230461
2.8239147663
2.8877649307
2.8272669315
2.8358201981
2.7693152428
2.8023593426
2.8350524902
2.8010919094
2.7595660686
2.8234128952
2.7775504589
2.7617354393
2.9366774559
2.8373050690
2.7372133732
3.0267431736
2.6616201401
2.7895977497
2.8129220009
2.7815272808
2.7927854061
2.8982987404
2.9293878078
2.7835609913
2.8140788078
2.7812945843
3.0426192284
2.7404656410
2.7841272354
2.7776269913
2.7644126415
2.8595173359
2.8243234158
2.6705789566
2.8638391495
2.8151259422
2.9024157524
2.9444661140
2.8018257618
2.7215583324
2.8750913143
2.7250273228
2.7547855377
2.8678016663
2.7657129765
2.9112296104
2.8328061104
2.8385369778
2.8607475758
2.9038436413
2.8098204136
2.8454248905
2.7416441441
2.8099563122
2.7826063633
2.8724927902
2.8753921986
2.8085455894
2.8951117992
2.8044984341
2.8537297249
2.8489089012
2.7959089279
2.8454174995
2.7840635777
2.6527645588
2.9143030643
2.7979726791
2.8334660530
2.7414708138
2.7406432629
2.8411524296
2.7789180279
2.8780946732
2.8287332058
2.8437721729
2.7834737301
2.7820694447
2.9390211105
2.7569375038
2.7408037186
2.8210725784
2.8628931046
2.7529387474
2.8670477867
2.7783782482
2.7436573505
2.7826769352
2.8724043369
2.8773968220
2.7141411304
2.6982340813
2.7671253681
2.8375930786
2.7657616138
2.7542831898
2.8139572144
2.7693502903
2.8765363693
2.8187351227
2.8281421661
2.7680201530
2.6937289238
2.8402228355
2.7722961903
2.6415879726
2.7741341591
2.8056712151
2.6501512527
2.8089878559
2.7461011410
2.7344567776
2.7576479912
2.7441098690
2.8758251667
2.8174536228
2.7805356979
2.6991279125
2.7894511223
2.8152153492
2.7454860210
2.7841413021
2.7963476181
2.8193488121
2.7691364288
2.6521627903
2.8796288967
2.7259066105
2.7128548622
2.9563186169
2.7528092861
2.7635614872
2.9509119987
2.9819200039
2.7570157051
2.7467851639
2.7448651791
2.8310928345
2.8860473633
2.7471387386
2.6924190521
2.8945927620
2.7815628052
2.6750984192
2.7354223728
2.7802033424
2.7717239857
2.8181481361
2.8510801792
2.6871790886
2.8711550236
2.8420059681
2.7165410519
2.8569407463
2.7864596844
2.8308932781
2.7753546238
2.7545278072
2.8199865818
2.8837273121
2.8276181221
2.7886102200
2.8649404049
2.7517747879
2.8562998772
2.8687252998
2.7109463215
2.7025256157
2.8172063828
2.8558733463
2.8258202076
2.6810967922
2.6557948589
2.8229012489
2.8013784885
2.7251076698
2.5843057632
2.7454342842
2.7699854374
2.7217192650
2.6987936497
2.9009723663
2.8205556870
2.7257668972
2.7854635715
2.7420492172
2.8352069855
2.6350369453
2.7680528164
2.8517937660
2.7986557484
2.7740738392
2.7735729218
2.8128013611
2.8737022877
2.7573039532
2.6947960854
2.6756424904
2.7656319141
2.7436621189
2.7964956760
2.6657831669
2.8505961895
2.6559746265
2.7542352676
2.8134901524
2.8777141571
2.7613716125
2.8987891674
2.7315030098
2.6960396767
2.7577438354
2.7204375267
2.7564270496
2.5949962139
2.7435297966
2.8719601631
2.7292809486
2.7020986080
2.5950076580
2.8075897694
2.7341163158
2.8378622532
2.8331606388
2.8193442822
2.7220711708
2.7918665409
2.9829120636
2.8113181591
2.7034912109
2.8305063248
2.7612390518
2.7865321636
2.7351922989
2.7089791298
2.8342392445
2.7784347534
2.7209410667
2.8261098862
2.8382501602
2.7081663609
2.7539100647
2.6838026047
2.6873254776
2.6241028309
2.8122437000
2.6809575558
2.8136079311
2.9435589314
2.8039741516
2.6716065407
2.8663401604
2.7901175022
2.6692705154
2.7118163109
2.7563698292
2.7362284660
2.7015182972
2.7439672947
2.8115649223
2.7599582672
2.6227192879
2.7846441269
2.6600301266
2.7940981388
2.7942593098
2.8210148811
2.7127811909
2.6436579227
2.8623993397
2.7474195957
2.6892299652
2.7401030064
2.7738394737
2.7361741066
2.7622127533
2.8429510593
2.6883857250
2.7458686829
2.7521529198
2.7326993942
2.7470803261
2.7720332146
2.8136887550
2.8048987389
2.7942013741
2.8041861057
2.7728679180
2.7614345551
2.7592425346
2.8297426701
2.7154846191
2.8908405304
2.8009107113
2.7510571480
2.7282309532
2.6394629478
2.7470116615
2.7362539768
2.7940504551
2.7040998936
2.7687129974
2.7634012699
2.6082627773
2.7201790810
2.8165721893
2.7371072769
2.6643965244
2.7682161331
2.7774894238
2.6878483295
2.7067170143
2.8356511593
2.7673108578
2.7654159069
2.7414808273
2.8869025707
2.6219744682
2.6977677345
2.7286777496
2.8201727867
2.7474644184
2.7363095284
2.6680145264
2.6769177914
2.7899365425
2.8051345348
2.8005986214
2.7565777302
2.5592317581
2.8601198196
2.7965064049
2.7237257957
2.8425753117
2.7482984066
2.7200782299
2.7386276722
2.7285144329
2.7683331966
2.8826918602
2.8127348423
2.7529494762
2.7735342979
2.7589564323
2.7427022457
2.8033347130
2.7070956230
2.7755732536
2.7043347359
2.7073101997
2.7726175785
2.7488749027
2.7972106934
2.6943399906
2.6946671009
2.7855706215
2.5279273987
2.8623895645
2.6912922859
2.8282260895
2.6967184544
2.7920653820
2.7339308262
2.6540539265
2.7163777351
2.8736855984
2.7855794430
2.7725164890
2.6244072914
2.9092395306
2.8659672737
2.7829542160
2.7423369884
2.6585245132
2.7673869133
2.6566491127
2.6218390465
2.6733314991
2.6901817322
2.7702326775
2.7217876911
2.7082693577
2.6472721100
2.7191896439
2.7397692204
2.7094507217
2.7882158756
2.8283298016
2.7412779331
2.7864360809
2.6721911430
2.7331492901
2.7470147610
2.6878201962
2.7119219303
2.6068661213
2.8156027794
2.6445415020
2.7650041580
2.7034728527
2.6042742729
2.7194526196
2.7865869999
2.6849675179
2.7760441303
2.7182304859
2.7190756798
2.5343778133
2.7380847931
2.6844310760
2.7290031910
2.8179364204
2.8592793941
2.6660890579
2.8541686535
2.7644476891
2.6318433285
2.8573794365
2.6953136921
2.6395385265
2.7208168507
2.7543101311
2.7369065285
2.6607401371
2.7452139854
2.6065180302
2.7011833191
2.6387379169
2.7563798428
2.8323695660
2.6437132359
2.6812808514
2.8081717491
2.8396720886
2.8178172112
2.6956110001
2.8360214233
2.8104209900
2.8492968082
2.7363533974
2.7313468456
2.7633414268
2.8298561573
2.8694186211
2.5994615555
2.7223665714
2.7763643265
2.8124291897
2.7857573032
2.8575062752
2.7641613483
2.6148719788
2.5710871220
2.7830207348
2.6533575058
2.7135968208
2.7372879982
2.6230344772
2.6755647659
2.6686460972
2.7984635830
2.6690692902
2.7182135582
2.6695089340
2.7056317329
2.6521184444
2.8159394264
2.6949651241
2.6768596172
2.6372539997
2.7065944672
2.7110207081
2.6241245270
2.5953881741
2.6835510731
2.8215210438
2.6507761478
2.7490980625
2.6937041283
2.7298288345
2.6354036331
2.7309329510
2.6338734627
2.7534389496
2.6216444969
2.7922632694
2.6723148823
2.7289571762
2.7371804714
2.7567706108
2.7180149555
2.8275356293
2.7879836559
2.7486562729
2.6575176716
2.7024378777
2.6663429737
2.6057081223
2.7669203281
2.7486953735
2.6950089931
2.7488625050
2.6481091976
2.7627625465
2.7193565369
2.6608808041
2.6545426846
2.7791287899
2.7147850990
2.6804299355
2.7409317493
2.7981455326
2.5768930912
2.6903283596
2.7686433792
2.7147481441
2.7032778263
2.6574752331
2.7874772549
2.7787961960
2.7796378136
2.7135717869
2.7240502834
2.6550061703
2.7339131832
2.6659340858
2.7004966736
2.6664352417
2.6779782772
2.7496616840
2.5921669006
2.6801114082
2.8263285160
2.6156723499
2.7178792953
2.7610478401
2.6735746861
2.7262125015
2.6283838749
2.6420414448
2.7821879387
2.6976270676
2.7596611977
2.8090455532
2.6367383003
2.7675244808
2.6395964622
2.7110512257
2.6003701687
2.8053205013
2.6098117828
2.7396011353
2.6995112896
2.7528033257
2.7033734322
2.7458178997
2.6422250271
2.7117705345
2.6880826950
2.6971647739
2.6579866409
2.5963046551
2.6394813061
2.6356811523
2.6110618114
2.7660181522
2.6627752781
2.5883669853
2.6622576714
2.7313349247
2.7713956833
2.7235965729
2.6896967888
2.8427793980
2.7424502373
2.7121803761
2.5987169743
2.8039164543
2.6445930004
2.6469578743
2.8362731934
2.7696771622
2.7499775887
2.6679368019
2.5986480713
2.6775681973
2.7264792919
2.6171247959
2.6667995453
2.6989328861
2.6779186726
2.7638497353
2.6340379715
2.6920433044
2.6959888935
2.8572814465
2.6021444798
2.7427313328
2.5941617489
2.7171528339
2.7658686638
2.7261364460
2.6770775318
2.7114183903
2.6721866131
2.7365930080
2.7340891361
2.7389221191
2.7325954437
2.7306561470
2.6492416859
2.7840554714
2.5912206173
2.5973227024
2.7277257442
2.6980960369
2.6978170872
2.7181999683
2.6881620884
2.6264619827
2.6110107899
2.7105791569
2.8269262314
2.7427377701
2.5939762592
2.7024507523
2.7208425999
2.6157240868
2.7854957581
2.6018977165
2.7238886356
2.7045300007
2.7076601982
2.6564233303
2.6615517139
2.6202337742
2.5869531631
2.7229640484
2.8519816399
2.8004150391
2.6843559742
2.7836010456
2.7029340267
2.8251512051
2.7305145264
2.7033691406
2.6109094620
2.5822625160
2.7041184902
2.7378215790
2.7549929619
2.6795437336
2.5829279423
2.6757473946
2.5936362743
2.6233837605
2.5138387680
2.6422579288
2.6292824745
2.7081184387
2.5936355591
2.7777204514
2.5620543957
2.7275657654
2.8659780025
2.7588787079
2.5695788860
2.7249398232
2.6000792980
2.7768144608
2.6548898220
2.7557454109
2.6451778412
2.8049948215
2.6766912937
2.7611708641
2.6119866371
2.6631753445
2.6650259495
2.6870334148
2.5860884190
2.5901165009
2.5751428604
2.6658260822
2.7687256336
2.6110737324
2.6350865364
2.6200118065
2.7444319725
2.6647121906
2.7171511650
2.7513821125
2.6805551052
2.7108707428
2.7756993771
2.5791921616
2.6305527687
2.7089974880
2.5949645042
2.7257568836
2.7116928101
2.6700077057
2.7546036243
2.6864292622
2.7523958683
2.6126801968
2.7607822418
2.6830992699
2.6499550343
2.6202986240
2.6337108612
2.7163369656
2.5482006073
2.6818473339
2.5245213509
2.6127796173
2.5927038193
2.7235743999
2.7107167244
2.6102600098
2.7571542263
2.5379889011
2.6970996857
2.7622485161
2.5686709881
2.6168012619
2.7665853500
2.5976212025
2.7830672264
2.7233200073
2.7683935165
2.6303150654
2.7203922272
2.6857991219
2.7298080921
2.6480128765
2.6737520695
2.6222574711
2.6425375938
2.7544519901
2.6482620239
2.6782867908
2.6401414871
2.6657147408
2.5096514225
2.6365911961
2.6315128803
2.7031102180
2.7099652290
2.7276535034
2.7551913261
2.6813859940
2.7183368206
2.6466851234
2.6549754143
2.7478582859
2.5960962772
2.5650153160
2.8104784489
2.7467429638
2.5820999146
2.6793339252
2.7204303741
2.6383085251
2.6837465763
2.6182043552
2.5997102261
2.6483244896
2.7497746944
2.6488821507
2.6569697857
2.5985472202
2.5237348080
2.6864793301
2.6382174492
2.7441618443
2.7700951099
2.6999461651
2.6443836689
2.6906914711
2.5497176647
2.5875282288
2.6099140644
2.6817114353
2.7700824738
2.7322170734
2.6356287003
2.6683783531
2.6574060917
2.8103833199
2.6596465111
2.6673324108
2.5566017628
2.5421702862
2.6184675694
2.7777607441
2.6405901909
2.6527225971
2.6515970230
2.6519587040
2.6779224873
2.6775228977
2.6714468002
2.6514685154
2.6711766720
2.6485569477
2.5254354477
2.7061328888
2.5782775879
2.6601862907
2.6749651432
2.8169972897
2.6247653961
2.6768569946
2.6918535233
2.6878893375
2.6535124779
2.7365512848
2.6582417488
2.6809949875
2.6474616528
2.7004411221
2.8171842098
2.7249586582
2.6244306564
2.5651030540
2.6974613667
2.8224837780
2.7933669090
2.6082634926
2.4446375370
2.7593545914
2.5946917534
2.6672286987
2.6448559761
2.7031300068
2.6866114140
2.6153702736
2.5802628994
2.7205071449
2.5622432232
2.5916149616
2.5805046558
2.6340563297
2.6740000248
2.6919078827
2.6498310566
2.6293277740
2.6836836338
2.5213160515
2.6458158493
2.7671551704
2.6077163219
2.6370022297
2.6424114704
2.6637039185
2.6204614639
2.6442499161
2.5463278294
2.6813271046
2.6725292206
2.6911828518
2.5757210255
2.6518924236
2.6386106014
2.6501564980
2.7048754692
2.7041747570
2.6447520256
2.6202278137
2.6241731644
2.6636774540
2.5737938881
2.7015447617
2.7369911671
2.5341899395
2.6262683868
2.6293611526
2.7074272633
2.5128655434
2.6778690815
2.6422417164
2.5992267132
2.6941323280
2.7215640545
2.7030894756
2.6454155445
2.5401732922
2.6160299778
2.7177743912
2.5973484516
2.7096288204
2.7590894699
2.5704188347
2.5953850746
2.6465163231
2.6777207851
2.5647983551
2.6115360260
2.7350699902
2.5151081085
2.6728878021
2.6266467571
2.6815459728
2.3983044624
2.6033809185
2.6199550629
2.6728694439
2.5767331123
2.7281916142
2.7076592445
2.7766988277
2.6785309315
2.6486332417
2.6198010445
2.7308874130
2.6646761894
2.5619485378
2.6476266384
2.6064343452
2.7794978619
2.5759606361
2.7273702621
2.6144592762
2.6504237652
2.6353476048
2.4808809757
2.5748696327
2.5810790062
2.6316843033
2.6045889854
2.7653660774
2.6139082909
2.6522114277
2.6586809158
2.6488497257
2.6694386005
2.6557979584
2.8238947392
2.5852100849
2.6615934372
2.6970453262
2.6531071663
2.5943548679
2.6381897926
2.5934557915
2.7416312695
2.6781270504
2.6098186970
2.5996530056
2.5664398670
2.6876688004
2.6775627136
2.6138839722
2.5873746872
2.7539291382
2.5943081379
2.6328227520
2.6269476414
2.6209094524
2.6055183411
2.6731564999
2.6485602856
2.5147175789
2.5027139187
2.6425316334
2.6208825111
2.6652281284
2.5895776749
2.6468675137
2.6599957943
2.6298582554
2.7731864452
2.6737358570
2.5441532135
2.6608765125
2.6305742264
2.5775523186
2.5290265083
2.5517461300
2.6536531448
2.6976604462
2.4842643738
2.6538119316
2.6143209934
2.6074590683
2.5525956154
2.7369430065
2.7169234753
2.6628127098
2.6464035511
2.5702061653
2.5859363079
2.6088070869
2.6611735821
2.6066920757
2.7666096687
2.7204329967
2.6838917732
2.6581094265
2.6031942368
2.6527805328
2.5119967461
2.7375547886
2.5508413315
2.5105154514
2.6346936226
2.5193390846
2.6239907742
2.5285084248
2.6813991070
2.5988357067
2.5952262878
2.7232975960
2.6697504520
2.6097848415
2.6710669994
2.5812289715
2.5501599312
2.6572122574
2.7183787823
2.6862268448
2.6705658436
2.6430895329
2.5531065464
2.6324250698
2.5649168491
2.7337436676
2.5654263496
2.5922627449
2.6520051956
2.6720039845
2.6207196712
2.5887696743
2.7017493248
2.6544814110
2.6293101311
2.6438617706
2.6885690689
2.6033234596
2.6989781857
2.7062659264
2.6626565456
2.5689363480
2.7405452728
2.6862633228
2.6126713753
2.5198955536
2.6668214798
2.7755436897
2.8284797668
2.5987739563
2.4894402027
2.6591656208
2.6289479733
2.6366317272
2.6397557259
2.5570850372
2.6547842026
2.5600709915
2.5659320354
2.6415116787
2.6700291634
2.6386334896
2.5457730293
2.5614280701
2.5788416862
2.5278005600
2.6878530979
2.6238908768
2.5836133957
2.6266670227
2.6355040073
2.5649530888
2.5313541889
2.6501157284
2.6188297272
2.6171717644
2.7173547745
2.5894486904
2.6461827755
2.5744893551
2.5738394260
2.5201454163
2.5872900486
2.6371567249
2.6141870022
2.6146385670
2.7045710087
2.5229439735
2.5095696449
2.7045125961
2.5874783993
2.5878944397
2.4604310989
2.5704717636
2.6534659863
2.5939893723
2.6242377758
2.5654287338
2.7037336826
2.7045862675
2.6166334152
2.6182973385
2.5103807449
2.6816885471
2.5983836651
2.5755012035
2.6572575569
2.5882675648
2.6297199726
2.5774869919
2.6481864452
2.5449872017
2.4980823994
2.5398504734
2.5812020302
2.5156514645
2.5446100235
2.4680886269
2.5586407185
2.4975504875
2.5329072475
2.6126756668
2.6647243500
2.4298024178
2.5474166870
2.6450307369
2.5630147457
2.5424249172
2.5148656368
2.6338374615
2.5622167587
2.5264868736
2.4723215103
2.6493036747
2.6026768684
2.6368145943
2.6986010075
2.5058629513
2.6532182693
2.6481695175
2.5290186405
2.6393499374
2.5402708054
2.6953768730
2.6423072815
2.6675136089
2.5237569809
2.6297123432
2.5869376659
2.5778231621
2.5925519466
2.6496269703
2.6773445606
2.6832919121
2.6110322475
2.5266733170
2.6332476139
2.6257872581
2.6087408066
2.5972566605
2.6363229752
2.6743366718
2.4301354885
2.5263893604
2.5291769505
2.4510807991
2.5646402836
2.4927048683
2.6477050781
2.6253471375
2.6882517338
2.6905851364
2.6071934700
2.5075314045
2.5867173672
2.6237938404
2.6071329117
2.7119662762
2.5286822319
2.5772452354
2.5542597771
2.5815806389
2.5650010109
2.6582233906
2.5681061745
2.6751613617
2.5293195248
2.6753957272
2.5391063690
2.6306827068
2.5001041889
2.6171903610
2.5690343380
2.6400558949
2.5517387390
2.6521127224
2.5547854900
2.5279402733
2.5681154728
2.4952788353
2.6080179214
2.6621665955
2.5029680729
2.5663807392
2.6655817032
2.5857508183
2.5552923679
2.6513061523
2.6266350746
2.6014304161
2.5153844357
2.4910523891
2.6438040733
2.5523755550
2.5690467358
2.4240663052
2.5903387070
2.5794446468
2.5471735001
2.5063869953
2.5831258297
2.5395820141
2.5454955101
2.4693825245
2.6298713684
2.5141477585
2.5454905033
2.5219480991
2.6843574047
2.5661685467
2.5867562294
2.6066718102
2.5635616779
2.6814160347
2.5634868145
2.6098716259
2.5326364040
2.6009373665
2.6993882656
2.6330714226
2.5337412357
2.5506784916
2.5497047901
2.4807977676
2.5559551716
2.5787703991
2.6348245144
2.6544511318
2.5397624969
2.5259454250
2.5155243874
2.5624334812
2.6553795338
2.5555455685
2.5475237370
2.5250444412
2.5235159397
2.5959486961
2.5187392235
2.6569094658
2.5221006870
2.4784965515
2.5148313046
2.5674157143
2.6104838848
2.6373832226
2.5683767796
2.5394039154
2.6341297626
2.5447435379
2.5708472729
2.5510766506
2.6094272137
2.4725866318
2.4659848213
2.7748856544
2.5229833126
2.6595921516
2.5790991783
2.6148221493
2.3894340992
2.6709508896
2.6701140404
2.4718542099
2.6168582439
2.6215717793
2.5023953915
2.4883773327
2.4116635323
2.5927374363
2.5296361446
2.5071709156
2.6302068233
2.5913670063
2.5435833931
2.6007592678
2.5398013592
2.4809811115
2.5451300144
2.5630838871
2.6203253269
2.5237808228
2.5430479050
2.5142228603
2.5899815559
2.5205500126
2.5254309177
2.5084688663
2.6198430061
2.6074321270
2.5196976662
2.5393180847
2.5135588646
2.4906399250
2.5569901466
2.5295035839
2.4765086174
2.5579261780
2.6229050159
2.6568965912
2.4942460060
2.5403945446
2.6555595398
2.6431391239
2.6029846668
2.4704091549
2.5626742840
2.4841775894
2.6693077087
2.5160558224
2.5618422031
2.5973615646
2.6148095131
2.5045139790
2.5740642548
2.5400052071
2.5732305050
2.5477793217
2.5956492424
2.5652811527
2.6638629436
2.5928406715
2.4339799881
2.6477944851
2.6589066982
2.6806170940
2.6331956387
2.5675928593
2.5257625580
2.5650758743
2.5897402763
2.6279139519
2.4025998116
2.5468881130
2.5700559616
2.5792827606
2.4833714962
2.6372125149
2.5709922314
2.4930241108
2.4933500290
2.4616932869
2.4645752907
2.5792565346
2.6034991741
2.4917459488
2.5227344036
2.6435763836
2.6356799603
2.4447424412
2.6158077717
2.6585805416
2.5462992191
2.5872786045
2.5878436565
2.5705218315
2.5855891705
2.5252060890
2.5760955811
2.5560662746
2.6101033688
2.5526425838
2.6400065422
2.6037786007
2.5624458790
2.5293612480
2.4572696686
2.5958909988
2.5103042126
2.6623346806
2.7181110382
2.5959749222
2.5956015587
2.4348905087
2.5137135983
2.6031942368
2.5256254673
2.4827969074
2.4340548515
2.5394823551
2.4924695492
2.5390121937
2.6567046642
2.5939636230
2.4257130623
2.6221964359
2.6059796810
2.5404446125
2.4780867100
2.5984330177
2.4941339493
2.5234546661
2.5964999199
2.5891819000
2.6160976887
2.5667672157
2.6290583611
2.5609624386
2.5537612438
2.6634635925
2.6227653027
2.5941102505
2.5922205448
2.5009915829
2.4765503407
2.7123942375
2.6274776459
2.5427279472
2.7178096771
2.5490784645
2.4524605274
2.6131310463
2.6361243725
2.5206115246
2.5720527172
2.5772171021
2.5054023266
2.6470186710
2.6474537849
2.5699820518
2.5879280567
2.6369125843
2.5731375217
2.5844097137
2.5959651470
2.4771075249
2.5173270702
2.5974488258
2.5923364162
2.5654885769
2.5579264164
2.5889620781
2.5417153835
2.4912536144
2.3889653683
2.6093039513
2.4693715572
2.5107553005
2.5943555832
2.4401373863
2.5387005806
2.5637989044
2.5374953747
2.4946701527
2.5081090927
2.5984985828
2.4450521469
2.5090339184
2.5961008072
2.5697853565
2.5631034374
2.6172664165
2.4744868279
2.6087317467
2.6178631783
2.5522060394
2.5290720463
2.6852643490
2.5906233788
2.4758799076
2.6066830158
2.5044693947
2.5471060276
2.6051826477
2.5533151627
2.4587318897
2.5569856167
2.6235504150
2.5371553898
2.5850651264
2.4894137383
2.5073652267
2.6054944992
2.6622972488
2.5121023655
2.5171034336
2.4813601971
2.6057438850
2.5341341496
2.6103153229
2.6001932621
2.5057756901
2.5396747589
2.6323742867
2.6709437370
2.5836555958
2.5535166264
2.6170718670
2.7029752731
2.5694253445
2.6059899330
2.5744245052
2.6031107903
2.5649418831
2.5131981373
2.5722134113
2.4351127148
2.5726952553
2.4530293941
2.5885782242
2.6191906929
2.6033384800
2.4272115231
2.4452159405
2.5148003101
2.5836913586
2.4496381283
2.4723498821
2.4844262600
2.4944598675
2.5332217216
2.4738230705
2.4833905697
2.4232082367
2.5323026180
2.5046865940
2.5280349255
2.5411417484
2.6548824310
2.4594449997
2.5766887665
2.4700586796
2.5203289986
2.4409604073
2.4794411659
2.7056264877
2.4753301144
2.4455184937
2.5007011890
2.4934351444
2.4382874966
2.4824635983
2.4151079655
2.5090918541
2.4828813076
2.5557045937
2.4878993034
2.6144378185
2.5581953526
2.4466195107
2.5818727016
2.4507176876
2.5136594772
2.4689784050
2.5417375565
2.5421633720
2.6451830864
2.6140744686
2.5120024681
2.5277454853
2.5047500134
2.4868817329
2.5858433247
2.5263321400
2.6046910286
2.5510315895
2.4829668999
2.5644714832
2.5020828247
2.5381855965
2.5285797119
2.5032024384
2.5349013805
2.6134033203
2.6092743874
2.4580583572
2.5750813484
2.4153814316
2.4869141579
2.5800571442
2.5083563328
2.6379249096
2.3557870388
2.4401891232
2.4525556564
2.4613869190
2.5403032303
2.5674211979
2.6158878803
2.6068279743
2.5263633728
2.4264340401
2.6385469437
2.5166366100
2.5283968449
2.5293242931
2.4608182907
2.5058026314
2.5490751266
2.4980089664
2.5263509750
2.5842528343
2.5628983974
2.5560438633
2.4792337418
2.5057010651
2.4893963337
2.4394040108
2.4826426506
2.4901750088
2.6538913250
2.5779745579
2.4641292095
2.5735266209
2.5276780128
2.6529881954
2.6765742302
2.5772213936
2.6338295937
2.5636556149
2.5122864246
2.5505206585
2.5792100430
2.4728779793
2.4899258614
2.5659544468
2.5645349026
2.4692223072
2.6069073677
2.5329062939
2.4305510521
2.5158965588
2.5926039219
2.6017866135
2.6248459816
2.5065627098
2.6572492123
2.6165091991
2.3479712009
2.5323529243
2.5633721352
2.5434381962
2.4929635525
2.5123109818
2.4832370281
2.5181338787
2.4191241264
2.6101853848
2.4698281288
2.5898573399
2.5377709866
2.3846004009
2.4985523224
2.4200866222
2.4222633839
2.5257308483
2.5412817001
2.6460487843
2.4590144157
2.4232907295
2.4964668751
2.5610060692
2.6166148186
2.5075657368
2.4037096500
2.6107387543
2.5634555817
2.5317449570
2.5303559303
2.5197522640
2.4848122597
2.5056157112
2.5615174770
2.5527198315
2.5404889584
2.5956134796
2.5274512768
2.5049784184
2.5658667088
2.5078074932
2.5857477188
2.6153564453
2.5849475861
2.5231809616
2.5487217903
2.5346684456
2.3662977219
2.5324280262
2.5679023266
2.5335934162
2.5769112110
2.5135133266
2.6109526157
2.4996495247
2.4950101376
2.4571819305
2.5533852577
2.5032343864
2.4869210720
2.3768761158
2.6271815300
2.4882001877
2.4930701256
2.5744731426
2.5550391674
2.6466662884
2.5459811687
2.4347102642
2.5521283150
2.5527610779
2.6433167458
2.4764153957
2.3786475658
2.5564715862
2.6927206516
2.5801086426
2.5838363171
2.5649108887
2.5133316517
2.6271338463
2.4475319386
2.5138449669
2.5300118923
2.3937335014
2.4847629070
2.5683755875
2.3508062363
2.5597040653
2.5534710884
2.4557571411
2.5182533264
2.5613992214
2.5730805397
2.5671324730
2.4068844318
2.5630807877
2.5264379978
2.5950477123
2.5008211136
2.4069869518
2.5086460114
2.5405447483
2.6552596092
2.4702377319
2.5421259403
2.4757926464
2.5285575390
2.4659593105
2.4644165039
2.3963532448
2.5975382328
2.4656789303
2.5062916279
2.3980906010
2.5003178120
2.4302952290
2.4281191826
2.5665555000
2.5967109203
2.4605276585
2.4255323410
2.4522292614
2.5211801529
2.3785893917
2.4750478268
2.3840909004
2.5640683174
2.5999920368
2.4433448315
2.5874145031
2.5442848206
2.4806425571
2.5058631897
2.4816017151
2.3769731522
2.5934247971
2.4093210697
2.5704753399
2.5255684853
2.5740339756
2.5090441704
2.4995830059
2.6182997227
2.4647932053
2.5241379738
2.3399660587
2.5832698345
2.5725569725
2.5358114243
2.5373539925
2.4560985565
2.3430254459
2.4716467857
2.5199735165
2.4820842743
2.5337243080
2.4810817242
2.5701105595
2.4860956669
2.4720599651
2.5339319706
2.4814682007
2.4620864391
2.5018057823
2.4953470230
2.5410356522
2.3816306591
2.5079784393
2.4501497746
2.4530808926
2.4161386490
2.4872307777
2.5721483231
2.6405551434
2.5474545956
2.4678812027
2.3610396385
2.4999063015
2.4336235523
2.5007755756
2.4976496696
2.3279953003
2.6416950226
2.7144842148
2.5002405643
2.4941196442
2.4625656605
2.4562976360
2.5067954063
2.5060565472
2.5095405579
2.6350762844
2.5824949741
2.4337358475
2.5602567196
2.5523223877
2.4805855751
2.4693522453
2.4069871902
2.4333779812
2.6087632179
2.5408120155
2.4332532883
2.4119629860
2.4585866928
2.4895694256
2.4554076195
2.4356572628
2.4904258251
2.4783260822
2.3728058338
2.5325784683
2.5686385632
2.6664056778
2.5361514091
2.3171706200
2.4997239113
2.5206875801
2.4592962265
2.3884155750
2.5204041004
2.4654860497
2.5292208195
2.5875563622
2.4843592644
2.5489497185
2.6059477329
2.5372614861
2.4800870419
2.4396202564
2.4094040394
2.4931499958
2.4861860275
2.4773015976
2.4743053913
2.4199650288
2.5715639591
2.4218320847
2.4869031906
2.5369596481
2.4387288094
2.4264824390
2.6062765121
2.5121970177
2.4497430325
2.5197436810
2.5458531380
2.3230838776
2.4655082226
2.3616592884
2.4612629414
2.5051574707
2.5589861870
2.3730406761
2.5880749226
2.5094954967
2.3527872562
2.5336706638
2.5272674561
2.4967999458
2.4718561172
2.4619383812
2.5031609535
2.5164973736
2.5171487331
2.4332897663
2.4241726398
2.4905197620
2.4476432800
2.4829375744
2.4454824924
2.4988009930
2.5402050018
2.6041030884
2.4104163647
2.4788136482
2.5004022121
2.4813261032
2.4181289673
2.4586715698
2.5196971893
2.4354307652
2.4329969883
2.4421918392
2.4461877346
2.5308871269
2.4389791489
2.4622323513
2.5228300095
2.4617455006
2.5725123882
2.5289473534
2.5157010555
2.4153602123
2.5021700859
2.5592865944
2.4519257545
2.4544420242
2.5277900696
2.5120139122
2.4520299435
2.4575273991
2.4448394775
2.6952610016
2.4924290180
2.4170405865
2.4794769287
2.5728886127
2.4730780125
2.4468038082
2.4805259705
2.6496973038
2.4842977524
2.4912037849
2.5020563602
2.4776604176
2.3484821320
2.5705111027
2.5127558708
2.5011425018
2.4283251762
2.5634651184
2.4148964882
2.5495362282
2.5364184380
2.5375723839
2.5934464931
2.4010159969
2.4515843391
2.5747423172
2.5099811554
2.4449782372
2.5024068356
2.4269149303
2.5859122276
2.4423890114
2.4520816803
2.4437673092
2.5255398750
2.4084944725
2.3950471878
2.5949079990
2.5061848164
2.3218307495
2.3810675144
2.3965995312
2.2766950130
2.3679575920
2.4449920654
2.5663678646
2.4644391537
2.3689348698
2.4777674675
2.5585558414
2.4493901730
2.4771058559
2.5543820858
2.4509415627
2.5877144337
2.5052971840
2.4739174843
2.4715974331
2.3901598454
2.4312002659
2.5339796543
2.5895478725
2.4089305401
2.5351717472
2.4804568291
2.5025491714
2.4615089893
2.4534873962
2.5064973831
2.5089323521
2.4834749699
2.4688103199
